14
13
13
15
10
14
15
13
15
12
15
14
14
14
12
14
15
13
15
13
16
16
13
15
11
15
17
13
16
12
14
15
13
15
10
13
15
13
17
10
14
14
15
17
9
12
13
15
15
9
12
13
13
13
9
12
12
12
12
10
11
12
12
13
8
13
13
13
11
11
14
14
12
12
9
13
14
13
15
10
16
14
13
16
10
16
15
17
17
10
17
13
13
15
12
16
11
13
12
10
15
16
15
11
11
14
16
13
11
10
13
14
13
11
10
13
13
14
13
10
14
12
13
13
9
16
13
11
12
7
15
12
12
13
9
15
13
11
12
9
14
13
12
12
10
13
12
12
13
10
14
11
12
13
10
15
13
11
12
9
14
12
13
12
8
15
13
11
12
9
14
12
12
13
8
15
12
10
11
9
13
11
11
12
8
15
11
11
13
8
12
12
10
12
9
13
12
12
12
7
13
11
11
13
9
13
12
11
12
8
14
10
9
12
8
13
11
9
12
8
11
11
7
11
8
10
11
9
10
8
10
10
10
11
8
10
11
10
9
6
10
11
8
9
6
10
10
8
9
7
10
10
8
9
6
10
9
7
9
7
10
11
8
10
7
11
11
9
9
8
12
11
9
10
7
12
10
8
9
6
11
9
9
9
7
10
10
8
9
7
12
11
11
9
8
10
9
6
8
6
10
9
6
7
6
8
8
7
8
6
8
9
6
9
5
8
8
6
8
4
6
9
6
7
5
7
8
5
9
5
7
9
6
8
4
7
8
6
8
6
7
9
6
8
4
8
8
7
9
6
7
8
7
9
4
8
8
6
9
6
7
9
7
9
4
7
8
7
9
6
8
11
7
8
3
7
9
5
8
3
9
8
5
10
1
9
8
3
8
3
8
7
4
9
2
7
7
3
8
2