2
1
2
2
1
2
1
2
3
0
3
1
2
3
0
3
1
2
3
0
3
1
2
3
0
3
1
2
3
0
3
1
2
3
0
3
1
2
3
1
2
1
2
3
0
2
1
3
2
0
3
0
3
2
0
1
0
3
2
0
2
0
3
2
0
4
1
3
3
0
4
1
3
3
0
4
1
3
3
0
4
1
3
3
0
4
1
3
3
0
4
1
4
3
0
4
1
4
4
0
3
1
5
4
0
5
1
4
3
0
3
1
5
3
0
5
0
6
3
0
4
0
5
3
0
4
0
5
3
0
4
0
3
2
0
3
0
4
2
1
3
0
3
2
1
3
0
3
2
1
4
0
4
4
1
5
1
5
5
1
6
1
6
4
1
7
1
7
5
1
7
1
7
6
2
7
1
7
8
1
9
1
8
7
1
8
1
6
9
1
8
1
5
6
2
6
1
6
6
1
7
1
8
6
1
8
1
6
6
0
6
1
7
6
0
8
0
8
6
1
7
0
6
6
1
8
0
6
4
1
7
0
6
5
1
7
0
5
4
0
5
0
4
4
0
3
0
3
3
0
3
0
4
4
0
3
0
3
3
0
3
1
4
4
0
5
0
4
4
0
6
1
5
6
1
7
1
6
6
1
7
0
6
6
2
7
0
6
6
2
7
0
6
6
2
6
0
5
6
1
5
0
5
4
0
5
0
5
4
0
5
0
4
4
1
5
0
4
4
1
3
0
3
4
1
4
0
3
4
1
4
0
2
4
0
3
0
4
4
1
3
0
3
4
1
3
1
3
4
1
3
1
4
3
1
4
1
4
4
1
4
0
4
4
1
4
0
5
3
1
3
0
3
3
1
3
0
3
3
1
3
0
3
3
0
3
0
4
3
0
3
0
4
2
1
4
0
4
3
1