4
2
6
5
3
6
2
5
5
2
7
2
5
5
2
7
2
5
5
2
7
2
5
6
2
7
2
7
5
2
8
2
6
6
2
8
2
6
6
2
6
2
5
6
1
6
2
5
5
1
7
1
5
5
2
6
1
6
4
2
5
1
6
4
2
7
3
7
5
2
8
3
7
5
2
10
3
6
5
1
8
3
7
6
0
8
2
5
4
1
7
3
5
8
1
7
2
6
7
1
7
2
6
6
1
7
2
6
6
1
7
2
7
6
1
8
1
6
6
1
8
1
5
5
1
7
1
6
5
2
7
1
5
6
2
8
1
7
6
2
8
1
5
5
3
6
1
5
4
2
6
0
4
4
2
3
0
3
3
2
4
0
4
4
2
5
0
5
3
1
6
0
7
5
2
7
1
7
7
2
9
1
7
7
2
9
2
8
6
3
8
1
8
5
2
7
2
7
5
2
8
1
6
5
2
7
1
6
5
3
7
1
6
6
1
6
1
6
5
2
7
1
6
4
3
7
1
9
8
2
9
1
8
6
1
8
2
9
6
0
10
2
8
9
1
8
2
9
8
1
9
2
9
5
1
6
0
8
6
1
9
1
9
7
2
9
1
9
6
2
8
0
8
6
2
8
0
7
9
2
10
1
9
7
1
9
1
8
7
2
8
1
7
5
1
7
1
8
6
1
6
1
6
6
2
8
1
6
6
1
7
1
6
5
1
6
1
5
5
1
8
1
7
5
2
8
2
7
7
1
7
1
10
6
1
8
1
7
6
1
6
2
7
7
1
6
2
7
7
2
11
3
9
6
0
12
3
9
8
1
8
2
6
5
1
7
1
4
5
1
3
0
5
5
1
3
0
3
4
1
4
1
4
5
1
6
1
4
6
1
4
1
5
6
1
6
1
5
4
2